fecha	cp	minsplit	minbucket	maxdepth	xval_folds	ganancia	iteracion
20220520 203909	-0.194941985786136	4938	750	14	5	8874000	1
20220520 203944	-0.244572886588867	6216	1210	13	5	8537000	2
20220520 204016	-0.169270694156876	3101	864	9	5	9901000	3
20220520 204050	-0.809607477327518	923	397	8	5	9567000	4
20220520 204114	-0.494109492412826	2797	1262	5	5	8944000	5
20220520 204145	-0.655048485373845	5886	1630	12	5	8669000	6
20220520 204214	-0.0214353840361581	7337	509	8	5	8277000	7
20220520 204253	-0.662559256382519	6971	232	15	5	8277000	8
20220520 204309	0.0916615468493547	4475	1611	5	5	0	9
20220520 204357	-0.953928258638189	1811	73	19	5	9570000	10
20220520 204423	-0.891376013260742	7661	1929	7	5	8237000	11
20220520 204440	-0.555955361825181	3612	367	3	5	8919000	12
20220520 204513	-0.346954783645924	5388	1032	16	5	9027000	13
20220520 204530	-0.0591915312921628	4927	1308	3	5	9115000	14
20220520 204601	-0.834567802244176	6662	1740	16	5	8366000	15
20220520 204639	-0.297888431915392	2197	553	12	5	10274000	16
20220520 204657	-0.10913321807373	1458	398	3	5	8919000	17
20220520 204719	-0.337704254715173	532	261	3	5	8919000	18
20220520 204738	-0.284490924430126	2078	1032	3	5	8902000	19
20220520 204843	-0.297876784754809	2237	1	20	5	9361000	20
20220520 204900	-0.895037859843565	67	2	3	5	8420000	21
20220520 204918	-0.123455580826039	7992	1147	3	5	8178000	22
20220520 204955	-0.14131282145244	2430	1214	20	5	9147000	23
20220520 205031	-0.999990614157584	2176	1088	20	5	9829000	24
20220520 205110	-0.999923597153828	7048	425	20	5	8277000	25
20220520 205147	-0.933509897275112	2183	1091	20	5	9597000	26
20220520 205205	-0.740970997134893	1984	992	3	5	8880000	27
20220520 205244	-0.974289927404932	1213	606	11	5	9547000	28
20220520 205324	-0.310970464619332	1367	681	19	5	9898000	29
20220520 205405	-0.249368057053932	974	478	12	5	9505000	30
20220520 205446	-0.422060950262872	2507	478	14	5	9851000	31
20220520 205550	-0.76699948442041	18	4	20	5	5619000	32
20220520 205608	-0.828077652700857	3192	797	3	5	8866000	33
20220520 205649	-0.362485196935876	1619	562	13	5	9368000	34
20220520 205725	-0.462980174139589	7314	324	12	5	8277000	35
20220520 205759	-0.308607142064776	3148	1567	13	5	8916000	36
20220520 205831	-0.975371027506088	3896	1948	18	5	8712000	37
20220520 205913	-0.484873332928435	1221	610	20	5	9547000	38
20220520 205951	-0.309675027599519	3665	474	12	5	9510000	39
20220520 210028	-0.429275984846793	2320	1159	20	5	9376000	40
20220520 210109	-0.29196780477017	1284	638	14	5	9850000	41
20220520 210144	-0.0827067037939382	3041	886	11	5	9901000	42
20220520 210219	-0.614284935909426	1611	802	9	5	9703000	43
20220520 210255	-0.555266239882135	2975	942	17	5	9896000	44
20220520 210333	-0.521570474606324	2304	685	12	5	9993000	45
20220520 210408	-0.0803843453017209	4998	13	9	5	8708000	46
20220520 210445	-0.867924467660351	1756	873	11	5	10124000	47
20220520 210523	-0.297741960219926	2449	704	18	5	9857000	48
20220520 210605	-0.881234587579634	1743	503	14	5	10057000	49
20220520 210643	-0.304498982275308	1995	519	10	5	10100000	50
20220520 210729	-0.455608114028154	93	8	11	5	8073000	51
20220520 210806	-0.50410394834654	4372	624	20	5	9365000	52
20220520 210842	-0.130574459999813	2555	1272	11	5	8983000	53
20220520 210925	-0.0619878542883671	2515	565	20	5	10090000	54
20220520 211000	-0.0633646716749749	5370	879	20	5	9013000	55
20220520 211042	-0.165629132206375	2297	526	13	5	10291000	56
20220520 211121	-0.183603498565764	2259	535	12	5	10291000	57
20220520 211200	-0.0579966093768906	2392	536	12	5	10108000	58
20220520 211231	-0.420543367585546	7999	1998	20	5	8237000	59
20220520 211323	-0.0660793568657559	293	146	20	5	7406000	60
20220520 211341	-0.0623318264152174	3214	546	3	5	8883000	61
20220520 211422	-0.999972376399867	2911	296	13	5	9680000	62
20220520 211449	-0.865063584213606	1797	402	6	5	10170000	63
20220520 211527	-0.87799151836048	2295	359	10	5	10304000	64
20220520 211604	-0.85876693900564	2030	455	9	5	10199000	65
20220520 211641	-0.897105852096902	1983	474	9	5	10090000	66
20220520 211722	-0.87802314677904	5444	1	11	5	8670000	67
20220520 211803	-0.589754487408089	2506	381	13	5	9810000	68
20220520 211841	-0.166133782988407	2351	541	11	5	10291000	69
20220520 211912	-0.510801551999521	5523	1991	14	5	8423000	70
20220520 211944	-0.583867745532203	7998	1184	20	5	8178000	71
20220520 212014	-0.175875987435342	2364	363	7	5	10121000	72
20220520 212052	-0.87505597409266	1879	270	10	5	10049000	73
20220520 212131	-0.877124339960319	2553	592	12	5	9817000	74
20220520 212216	-0.999807025888454	1431	373	19	5	9640000	75
20220520 212250	-0.869376029297136	2258	1128	8	5	9338000	76
20220520 212335	-0.99985266657634	4034	155	20	5	9441000	77
20220520 212358	-0.28447777919218	2245	1	5	5	8318000	78
20220520 212445	-0.300939756958828	2000	378	20	5	10198000	79
20220520 212526	-0.101140214985799	2467	415	12	5	10052000	80
20220520 212606	-0.675483616504634	2285	923	14	5	10268000	81
20220520 212625	-0.800643560713274	5157	1240	3	5	9022000	82
20220520 212702	-0.681114471583931	4903	935	12	5	9013000	83
20220520 212743	-0.997837946130111	2329	890	15	5	10307000	84
20220520 212801	0.0984141354752968	5174	1122	3	5	0	85
20220520 212820	-0.806045570064772	7998	364	3	5	8178000	86
20220520 212901	-0.642686827592111	2195	908	16	5	10304000	87
20220520 212920	-0.325971383203354	6410	1999	3	5	8159000	88
20220520 213007	-0.958593101588666	2290	384	16	5	10317000	89
20220520 213025	-0.999842266264487	5927	922	3	5	8866000	90
20220520 213102	-0.661715448158471	2254	897	20	5	10307000	91
20220520 213139	-0.807222799218539	2170	890	16	5	10307000	92
20220520 213215	-0.671470385306785	2215	899	17	5	10306000	93
20220520 213244	-0.0832806432820742	5741	887	7	5	8991000	94
20220520 213314	-0.056667431998376	7987	1992	13	5	8237000	95
20220520 213351	-0.589494109704985	2221	916	20	5	10296000	96
20220520 213430	-0.837384252060147	2095	817	15	5	10036000	97
20220520 213507	-0.790602723414251	2151	914	15	5	10297000	98
20220520 213549	-0.310768861125219	2202	425	13	5	10212000	99
20220520 213627	-0.810958263700237	2259	439	10	5	10253000	100
20220520 213705	-0.9815627144215	2164	883	16	5	10307000	101
20220520 213742	-0.619468037414445	2281	926	20	5	10268000	102
20220520 213824	-0.998768792986474	2267	399	16	5	10345000	103
20220520 213902	-0.555709401722666	2228	935	20	5	10296000	104
20220520 213940	-0.66119839331657	2170	1018	16	5	9940000	105
20220520 214018	-0.707607617736045	2298	858	16	5	10109000	106
20220520 214035	-0.451122440440647	5902	1357	3	5	8544000	107
20220520 214114	-0.564281432788074	2308	838	20	5	10048000	108
20220520 214133	-0.999554108347443	3099	1540	3	5	8544000	109
20220520 214210	-0.30615974991794	2087	924	20	5	10268000	110
20220520 214249	-0.492919305801599	2290	315	11	5	10191000	111
20220520 214307	-0.784090050245486	4008	1998	3	5	8378000	112
20220520 214344	-0.508996984864735	2147	918	20	5	10295000	113
20220520 214417	-0.179343781534213	4674	2000	20	5	8423000	114
20220520 214454	-0.544570831867245	2945	1472	20	5	8756000	115
20220520 214531	-0.530617612537699	1952	905	12	5	10262000	116
