fecha	rondas	tirosRonda	cuantil	tirosFinal	tiros_total	tasa_eleccion_correcta	ganancia
20220522 120817	37	13	0.584675295455954	534	-1	0	0
20220522 120953	16	102	0.546856795320337	134	-1	0	0
20220522 120956	7	80	0.8701054984329	422	-1	0	0
20220522 121019	11	46	0.385595670762448	830	-1	0	0
20220522 121044	1	88	0.248301184549147	318	32650	0.9704	0.752733333333333
20220522 121059	42	36	0.271493017503654	232	-1	0	0
20220522 121102	34	42	0.743443311712753	312	-1	0	0
20220522 121126	16	149	0.325881908201481	489	-1	0	0
20220522 121143	7	167	0.874466610150192	807	-1	0	0
20220522 121246	7	24	0.603081609970186	747	-1	0	0
20220522 121314	9	5	0.716344587498136	480	-1	0	0
20220522 121319	47	42	0.42530051767951	601	-1	0	0
20220522 121347	30	75	0.480136915125996	98	-1	0	0
20220522 121412	22	94	0.461078899704016	980	-1	0	0
20220522 121456	3	196	0.656712706339602	655	31236	0.9948	0.78656
20220522 121502	6	130	0.31968417318871	665	42385	0.9972	0.714633333333333
20220522 121603	2	200	0.310666623933968	531	58757	0.9982	0.606486666666667
20220522 121614	2	200	0.18109554942988	899	96633	0.9998	0.35558
20220522 121615	3	183	0.33692656591354	515	53365	0.998	0.642233333333333
20220522 121615	3	183	0.335766881019024	511	53249	0.9988	0.643806666666667
20220522 121617	3	200	0.309445269519767	469	58208	0.997	0.608946666666667
20220522 121652	1	200	0.612389942676102	64	22496	0	-0.149973333333333
20220522 121708	2	120	0.296444138358297	286	34414	0.9602	0.730773333333333
20220522 121708	2	121	0.300477342252939	302	35368	0.971	0.735213333333333
20220522 121708	2	121	0.296507873907463	309	35711	0.969	0.730926666666667
20220522 121709	2	119	0.292301730645041	363	38499	0.9874	0.73074
20220522 121742	4	5	0.524105054246553	86	1143	0.067	0.067
20220522 121808	3	114	0.661489495084888	798	19836	0.9628	0.83056
20220522 121809	3	121	0.664129412235568	800	20866	0.9726	0.833493333333333
20220522 121809	3	129	0.660549510264317	806	22058	0.9754	0.828346666666667
20220522 121810	3	141	0.662382330624632	754	23602	0.9832	0.825853333333333
20220522 121912	3	116	0.856537433920644	937	14625	0.7698	0.7698
20220522 121914	3	128	0.830374832292296	895	16255	0.871	0.762633333333333
20220522 121916	3	108	0.721020901209732	837	16362	0.9164	0.80732
20220522 121917	3	116	0.703473631844149	866	18722	0.9518	0.826986666666667
20220522 121917	3	117	0.686192953371271	839	19131	0.9544	0.82686
20220522 122050	3	121	0.667314384289631	548	19616	0.956	0.825226666666667
20220522 122050	3	121	0.66716754599848	693	20196	0.9646	0.82996
20220522 122050	3	119	0.666794383120378	824	20432	0.9598	0.823586666666667
20220522 122051	3	121	0.666369041855822	477	19574	0.9694	0.838906666666667
20220522 122133	6	193	0.100040073804682	79	93581	0	-0.623873333333333
20220522 122240	3	123	0.627417130987481	458	20863	0.9776	0.838513333333333
20220522 122242	3	121	0.544151648377608	419	24397	0.9892	0.826553333333333
20220522 122248	6	33	0.556522070055679	1000	6907	0.023	0.023
20220522 122303	6	50	0.510965528403267	1000	10700	0.353	0.353
20220522 122310	5	123	0.410974916892611	1000	34921	0.9916	0.758793333333333
20220522 122356	2	75	0.724407837887028	337	12296	0.9096	0.9096
20220522 122358	2	110	0.717105430971213	399	17382	0.9738	0.85792
20220522 122400	2	112	0.592182184680376	395	22507	0.9884	0.838353333333333
20220522 122410	3	123	0.651791447496974	428	19793	0.972	0.840046666666667
20220522 122445	6	177	0.387886064585081	999	48006	0.9974	0.67736
20220522 122513	2	11	0.899907336674089	781	1991	0.0864	0.0864
20220522 122525	2	24	0.699166439262627	424	6936	0.5752	0.5752
20220522 122534	2	79	0.704635102827043	423	14077	0.9374	0.9374
20220522 122623	6	115	0.335312016604626	1000	39050	0.9918	0.731466666666667
20220522 122624	6	115	0.311414866912353	1000	42775	0.9958	0.710633333333333
20220522 122645	24	6	0.894190374363147	82	-1	0	0
20220522 122725	2	79	0.672112253082924	414	15061	0.9512	0.850793333333333
20220522 122731	2	74	0.439219003980467	352	22456	0.979	0.829293333333333
20220522 122731	2	74	0.428015248667237	342	22904	0.9768	0.824106666666667
20220522 122731	2	68	0.398248083131905	303	21788	0.966	0.820746666666667
20220522 122904	2	84	0.709603156696894	462	14994	0.9392	0.9392
20220522 122905	2	83	0.71074516683219	463	14874	0.9406	0.9406
20220522 122905	2	83	0.707389645153901	447	14730	0.9434	0.9434
20220522 122913	2	91	0.533167317565435	785	30647	0.992	0.787686666666667
20220522 122915	2	90	0.519962454710072	991	36113	0.9932	0.752446666666667
20220522 123020	2	81	0.730148206142701	432	13743	0.9248	0.9248
20220522 123021	2	82	0.709430975123388	414	14304	0.938	0.938
20220522 123021	2	83	0.713225832607208	408	14379	0.9424	0.9424
20220522 123021	2	82	0.713196143295709	408	14250	0.9384	0.9384
20220522 123021	2	83	0.710178571937281	418	14469	0.9406	0.9406
20220522 123112	2	92	0.807650970386015	222	11928	0.8896	0.8896
20220522 123113	2	83	0.701977286314997	235	12905	0.9238	0.9238
20220522 123113	2	83	0.70294756701117	332	13778	0.9444	0.9444
20220522 123113	2	83	0.704133291258827	356	13994	0.9348	0.9348
20220522 123137	4	177	0.587952733118394	924	31977	0.9918	0.77862
20220522 123253	3	93	0.709144074576825	288	13698	0.9012	0.9012
20220522 123253	3	94	0.707359739674428	281	13815	0.907	0.907
20220522 123253	3	94	0.706288205932487	298	13960	0.913	0.913
20220522 123254	3	94	0.705676173439353	295	13951	0.9176	0.9176
20220522 123303	3	65	0.31823911888409	767	37687	0.991	0.739753333333333
20220522 123407	3	90	0.68806252500089	287	13551	0.9056	0.9056
20220522 123407	3	89	0.687106829721151	288	13413	0.9084	0.9084
20220522 123409	3	92	0.584591170318754	277	16936	0.9528	0.839893333333333
20220522 123410	3	92	0.58185761725956	278	16944	0.9528	0.83984
20220522 123410	3	95	0.592245604438564	290	17040	0.9596	0.846
20220522 123450	1	84	0.795314617153961	292	14532	0.9472	0.9472
20220522 123451	1	84	0.799003708739952	492	18240	0.9616	0.84
20220522 123452	1	84	0.800020970489429	706	22520	0.9604	0.810266666666667
20220522 123502	2	83	0.704008712237624	291	13409	0.9358	0.9358
20220522 123502	2	83	0.703882008085354	426	14624	0.9426	0.9426
20220522 123539	1	81	0.788933545116052	138	10998	0.8092	0.8092
20220522 123552	2	70	0.714702008345697	490	12950	0.9044	0.9044
20220522 123552	2	69	0.713711695399922	527	13644	0.9118	0.9118
20220522 123552	2	71	0.705942110201273	472	13478	0.9134	0.9134
20220522 123602	2	158	0.492148281870525	793	44476	0.9994	0.702893333333333
20220522 123646	1	84	0.834720560029735	294	13398	0.9362	0.9362
20220522 123702	2	77	0.706811987581681	594	15356	0.9332	0.830826666666667
20220522 123702	2	78	0.704800914503426	644	15936	0.9304	0.82416
20220522 123702	2	78	0.704046699053972	597	15513	0.933	0.82958
20220522 123702	2	77	0.705300207940125	742	16688	0.9326	0.821346666666667
20220522 123836	3	105	0.693455640229216	222	15471	0.9276	0.82446
20220522 123836	3	105	0.693874176346012	225	15480	0.927	0.8238
20220522 123837	3	105	0.692186772321312	228	15489	0.9226	0.81934
20220522 123837	3	112	0.688679269095963	217	16443	0.942	0.83238
20220522 123837	3	112	0.686643004301623	216	16552	0.9378	0.827453333333333
20220522 123926	1	84	0.805673166864824	328	14960	0.9488	0.9488
20220522 123926	1	84	0.805699208013989	328	14960	0.9526	0.9526
20220522 123926	1	95	0.81089873261306	294	15086	0.956	0.855426666666667
20220522 123954	3	112	0.362219193441989	804	43864	0.9984	0.705973333333333
20220522 124002	4	98	0.386195939377666	785	32648	0.9912	0.773546666666667
20220522 124026	1	11	0.80864100618319	601	12519	0.4218	0.4218
20220522 124030	1	25	0.807517266501729	743	17360	0.6826	0.566866666666667
20220522 124039	1	159	0.713525910501875	464	29356	0.9966	0.800893333333333
20220522 124040	1	178	0.705747416682863	416	30280	0.9936	0.791733333333333
20220522 124048	31	13	0.57105410709727	506	-1	0	0
20220522 124135	1	92	0.807025525724586	401	17220	0.9644	0.8496
20220522 124137	1	120	0.807230390507366	574	23480	0.9888	0.832266666666667
20220522 124138	1	166	0.79073008288841	511	27331	0.9976	0.815393333333333
20220522 124140	1	58	0.637847997811705	946	39856	0.9638	0.698093333333333
20220522 124228	46	36	0.333864896385721	313	-1	0	0
20220522 124311	1	116	0.806051369221493	89	13380	0.0436	0.0436
20220522 124315	1	197	0.818018386858117	75	21125	0	-0.140833333333333
20220522 124317	1	197	0.844970946930754	504	27764	0.998	0.812906666666667
20220522 124336	14	67	0.812703217632996	229	-1	0	0
20220522 124442	14	93	0.278453521515041	445	-1	0	0
20220522 124520	2	71	0.812569334145214	568	10721	0.813	0.813
20220522 124521	2	74	0.811349447223845	507	10834	0.8362	0.8362
20220522 124521	2	68	0.789228364810272	513	10793	0.8432	0.8432
20220522 124528	3	65	0.815002923688405	379	8374	0.6428	0.6428
20220522 124530	3	71	0.812831842271868	471	9204	0.6846	0.6846
20220522 124631	1	66	0.815506257304853	337	13003	0.905	0.905
20220522 124647	2	129	0.809576103879116	938	19103	0.962	0.834646666666667
20220522 124647	2	135	0.808750033930657	966	19929	0.9646	0.83174
20220522 124650	15	36	0.737226895266635	477	-1	0	0
20220522 124657	3	143	0.808711929803294	974	18563	0.9072	0.783446666666667
20220522 124737	1	73	0.807789999865786	301	13320	0.9262	0.9262
20220522 124737	1	85	0.814597844728075	282	13858	0.9376	0.9376
20220522 124738	1	84	0.815722106892576	365	15335	0.9532	0.850966666666667
20220522 124744	44	27	0.797626478936874	575	-1	0	0
20220522 124837	24	71	0.381372113079904	172	-1	0	0
20220522 124933	1	84	0.808972656897381	471	17349	0.9626	0.84694
20220522 124935	1	98	0.840225421793838	707	21112	0.9672	0.826453333333333
20220522 124936	1	120	0.842981530495075	634	22144	0.984	0.836373333333333
20220522 124940	1	134	0.791926880370277	745	29045	0.9962	0.802566666666667
20220522 125010	3	142	0.571821940054842	723	28646	0.9942	0.803226666666667
20220522 125049	1	200	0.411211289447429	56	23304	0	-0.15536
20220522 125056	2	82	0.806414812077265	187	10588	0.864	0.864
20220522 125105	3	80	0.806229106943617	325	10245	0.7516	0.7516
20220522 125107	12	9	0.400216315271751	71	-1	0	0
20220522 125236	14	93	0.277361096519397	500	-1	0	0
20220522 125334	1	79	0.792696480815748	732	23272	0.9596	0.804453333333333
20220522 125336	1	129	0.812146631438109	807	28233	0.9908	0.80258
20220522 125336	1	136	0.827118491204886	918	30124	0.9912	0.790373333333333
20220522 125337	1	140	0.807650566528467	984	33680	0.9946	0.770066666666667
20220522 125422	9	145	0.581527487526936	488	-1	0	0
20220522 125503	1	59	0.806093027603432	322	12340	0.896	0.896
20220522 125504	1	83	0.807242937475616	290	14100	0.9336	0.9336
20220522 125518	2	131	0.807075807277764	689	18476	0.9652	0.842026666666667
20220522 125523	43	61	0.773640585506705	899	-1	0	0
20220522 125533	3	144	0.638832736902197	868	25796	0.9868	0.814826666666667
20220522 125613	1	87	0.791225124048752	333	15693	0.962	0.85738
20220522 125637	3	21	0.407806322279243	980	24654	0.7818	0.61744
20220522 125645	3	128	0.582989610458011	798	26864	0.991	0.811906666666667
20220522 125659	4	102	0.399204113164113	792	32532	0.9918	0.77492
20220522 125709	5	106	0.398516438024216	771	30654	0.9894	0.78504
20220522 125746	1	111	0.806765025087638	332	17740	0.9762	0.857933333333333
20220522 125757	2	95	0.813016031808259	260	12345	0.892	0.892
20220522 125802	2	170	0.702468065077168	414	25826	0.9938	0.821626666666667
20220522 125807	3	52	0.636609397169192	419	9843	0.8112	0.8112
20220522 125810	3	74	0.637816326211066	440	13226	0.8948	0.8948
20220522 125907	2	84	0.725795530700409	544	15104	0.938	0.837306666666667
20220522 125912	2	126	0.641581437683151	545	24221	0.9898	0.828326666666667
20220522 125943	38	26	0.506625201496969	864	-1	0	0
20220522 130045	28	94	0.443551013731819	436	-1	0	0
20220522 130255	21	86	0.107170227914352	191	68484	0.8938	0.43724
20220522 130346	2	65	0.730147615924929	85	8935	0.729	0.729
20220522 130347	2	84	0.794897950571708	281	11569	0.884	0.884
20220522 130416	12	173	0.711218605949141	658	-1	0	0
20220522 130437	40	40	0.396585672311722	916	-1	0	0
20220522 130459	34	46	0.297987178337919	307	-1	0	0
20220522 130548	1	108	0.831946664295843	308	16036	0.9624	0.855493333333333
20220522 130609	2	107	0.808244554312798	409	14369	0.9316	0.9316
20220522 130618	2	155	0.51197410244183	418	33127	0.9952	0.774353333333333
20220522 130619	21	11	0.494457852932317	616	-1	0	0
20220522 130641	23	66	0.614589371319365	351	-1	0	0
20220522 130714	1	77	0.812700677725422	310	13590	0.9362	0.9362
20220522 130714	1	76	0.806485379201296	334	14280	0.937	0.937
20220522 130732	2	199	0.526614756094657	719	45071	1	0.699526666666667
20220522 130736	3	125	0.637143178572315	109	19170	0.5566	0.4288
20220522 130759	6	89	0.432025807137113	700	21947	0.928	0.781686666666667
20220522 130833	1	110	0.806967269263238	831	27620	0.9836	0.799466666666667
20220522 130853	3	50	0.644964293958089	668	10790	0.7822	0.7822
20220522 130859	3	92	0.641405727515988	603	16723	0.9384	0.826913333333333
20220522 130920	18	95	0.628188314764008	283	-1	0	0
20220522 130948	43	31	0.298244046631167	163	-1	0	0
20220522 131034	2	92	0.685971238988852	471	16854	0.9622	0.84984
20220522 131047	3	86	0.681433839038044	472	13628	0.905	0.905
20220522 131053	13	179	0.817165945874927	110	-1	0	0
20220522 131124	25	84	0.517973184928303	821	-1	0	0
20220522 131250	25	43	0.145358829519233	167	-1	0	0
20220522 131324	1	111	0.836317208092069	482	19294	0.9762	0.847573333333333
20220522 131336	3	24	0.606041428344654	93	4302	0.5116	0.5116
20220522 131348	3	80	0.629275124394986	550	14830	0.9314	0.9314
20220522 131349	3	86	0.630683106486938	668	16326	0.941	0.83216
20220522 131349	3	91	0.631076824105323	759	17536	0.9472	0.830293333333333
20220522 131451	3	73	0.626899262211208	445	13248	0.908	0.908
20220522 131451	3	73	0.625286240649249	444	13316	0.9146	0.9146
20220522 131515	11	145	0.645186365581761	946	-1	0	0
20220522 131550	28	84	0.347722489070153	266	-1	0	0
20220522 131642	42	28	0.138863062755942	679	-1	0	0
20220522 131724	2	79	0.806282906409207	305	10700	0.8518	0.8518
20220522 131725	2	87	0.806320279761581	306	11664	0.888	0.888
20220522 131729	2	99	0.713370394784385	482	17109	0.9594	0.84534
20220522 131731	2	139	0.679308342333786	190	20248	0.9366	0.801613333333333
20220522 131823	11	194	0.591014222254362	127	-1	0	0
20220522 131858	1	110	0.813570005413096	345	17555	0.9754	0.858366666666667
20220522 131909	2	116	0.656609325350974	276	18856	0.9658	0.840093333333333
20220522 131910	2	186	0.801376277741863	422	24008	0.9886	0.828546666666667
20220522 131911	2	139	0.657383153581656	409	23534	0.99	0.833106666666667
20220522 131920	3	102	0.622686755268165	745	19229	0.9648	0.836606666666667
20220522 131954	1	46	0.828727987701439	277	9309	0.8094	0.8094
20220522 132005	1	114	0.569835059918552	802	45886	0.9976	0.691693333333333
20220522 132008	2	105	0.801055602113394	709	15436	0.9304	0.827493333333333
20220522 132009	2	126	0.809616783276918	514	17050	0.9556	0.841933333333333
20220522 132027	7	143	0.741163438282254	866	-1	0	0
20220522 132105	9	38	0.851098418104758	929	-1	0	0
20220522 132110	2	85	0.720526216142144	306	13328	0.933	0.933
20220522 132111	2	120	0.795595459267285	588	17460	0.9542	0.8378
20220522 132115	1	180	0.239066193070116	753	75228	1	0.49848
20220522 132120	3	88	0.686999302656224	469	13815	0.908	0.908
20220522 132206	2	86	0.728789283131939	360	13802	0.9304	0.9304
20220522 132206	2	113	0.801208325736294	365	15020	0.9428	0.842666666666667
20220522 132208	2	128	0.730550717776823	313	18760	0.9736	0.848533333333333
20220522 132209	2	194	0.806519674709097	193	24052	0.96	0.799653333333333
20220522 132211	39	10	0.478697808476618	380	-1	0	0
20220522 132247	1	66	0.814371657368754	298	12262	0.9122	0.9122
20220522 132259	2	87	0.715234296033262	269	13375	0.9264	0.9264
20220522 132301	2	111	0.672354066358541	373	18866	0.977	0.851226666666667
20220522 132315	4	84	0.703068715308169	420	12348	0.7368	0.7368
20220522 132342	7	99	0.422305958838491	442	23654	0.895	0.737306666666667
20220522 132411	2	10	0.649023523411794	463	6906	0.3752	0.3752
20220522 132413	1	85	0.806504775754435	433	17160	0.962	0.8476
20220522 132416	1	160	0.839593788957223	890	30240	0.997	0.7954
20220522 132429	2	136	0.528256590811413	839	38450	0.999	0.742666666666667
20220522 132433	2	159	0.411826147397187	737	51076	1	0.659493333333333
20220522 132510	1	83	0.809041149677442	319	14361	0.9444	0.9444
20220522 132518	2	50	0.713703746736138	386	9924	0.8282	0.8282
20220522 132521	2	89	0.731559197263499	412	14187	0.9458	0.9458
20220522 132527	3	57	0.702402308803168	442	9249	0.7576	0.7576
20220522 132544	4	90	0.420785708022473	682	27264	0.9852	0.80344
20220522 132614	1	75	0.837397091276336	119	9523	0.7658	0.7658
20220522 132616	1	78	0.784250706692999	383	16226	0.9516	0.843426666666667
20220522 132618	1	87	0.714335120931463	428	21112	0.9772	0.836453333333333
20220522 132620	1	168	0.783268996042039	675	31650	0.9986	0.7876
20220522 132646	4	75	0.432995466753539	430	19825	0.9634	0.831233333333333
20220522 132736	2	113	0.701608592455133	294	17336	0.9642	0.848626666666667
20220522 132737	2	142	0.70574805747372	245	20665	0.9696	0.831833333333333
20220522 132748	3	129	0.709251803790369	498	19296	0.9602	0.83156
20220522 132752	3	79	0.409616013667262	578	27464	0.9892	0.806106666666667
20220522 132810	12	74	0.533167318140623	886	-1	0	0
20220522 132844	1	186	0.468253410464504	84	23052	0	-0.15368
20220522 132854	2	99	0.459179678910173	62	17044	4e-04	-0.113226666666667
20220522 132859	2	122	0.433007658870844	656	40146	0.9988	0.73116
20220522 132905	3	160	0.648144745449244	846	26904	0.9914	0.81204
20220522 132920	4	160	0.300338021091723	459	51496	0.9958	0.652493333333333
20220522 132953	1	81	0.806159241674509	315	14400	0.9492	0.9492
20220522 133006	2	117	0.743438125123216	677	19481	0.9722	0.842326666666667
20220522 133008	2	138	0.617281725787988	412	25224	0.9932	0.82504
20220522 133012	28	102	0.862833201432905	263	-1	0	0
20220522 133034	10	187	0.609460812876969	750	-1	0	0
20220522 133117	2	104	0.731302145810532	289	15231	0.953	0.85146
20220522 133117	2	108	0.731202726819367	305	15851	0.9538	0.848126666666667
20220522 133121	2	174	0.632434228612815	270	27618	0.9714	0.78728
20220522 133128	3	84	0.625241571108626	517	15353	0.939	0.836646666666667
20220522 133130	3	101	0.559793545448174	394	19615	0.9784	0.847633333333333
20220522 133222	2	73	0.630412162354511	463	16483	0.9514	0.841513333333333
20220522 133225	2	125	0.604226705986778	389	23724	0.9882	0.83004
20220522 133231	3	62	0.621455400606575	348	11574	0.8724	0.8724
20220522 133232	3	72	0.62930225700173	517	13457	0.896	0.896
20220522 133257	36	30	0.401081180833673	716	-1	0	0
20220522 133338	1	141	0.62894062409735	994	50878	0.9988	0.659613333333333
20220522 133340	2	86	0.714621363371527	391	14222	0.9366	0.9366
20220522 133412	43	57	0.538624379450518	864	-1	0	0
20220522 133414	4	149	0.314205303546484	643	50008	0.9992	0.665813333333333
20220522 133443	18	14	0.19416636425634	97	-1	0	0
20220522 133511	1	39	0.833110516874101	956	20152	0.781	0.646653333333333
20220522 133512	1	74	0.814855245737891	225	11675	0.9062	0.9062
20220522 133521	2	72	0.73734589558853	560	13064	0.9016	0.9016
20220522 133531	32	36	0.643458121024465	873	-1	0	0
20220522 133634	46	28	0.188435047701197	953	-1	0	0
20220522 133707	1	85	0.743362971310371	355	17730	0.9726	0.8544
20220522 133717	2	88	0.738223682842766	418	14014	0.9346	0.9346
20220522 133723	2	133	0.391648963405398	286	31995	0.9674	0.7541
20220522 133724	34	24	0.624510018624851	735	-1	0	0
20220522 133809	7	109	0.380390147883429	994	30341	0.9614	0.759126666666667
20220522 133852	2	18	0.873870421940146	496	3026	0.2196	0.2196
20220522 133857	1	85	0.806233455920488	337	15240	0.956	0.8544
20220522 133858	1	101	0.729460501771523	345	19415	0.976	0.846566666666667
20220522 133900	1	154	0.851102509917296	845	28075	0.993	0.805833333333333
20220522 133913	2	167	0.641579813848754	634	30954	0.9974	0.79104
20220522 134002	2	92	0.74208698577696	511	15169	0.94	0.838873333333333
20220522 134050	5	165	0.285865744663606	428	54069	0.9956	0.63514
20220522 134052	13	155	0.515569560210236	933	-1	0	0
20220522 134107	41	6	0.129050597609422	501	-1	0	0
20220522 134120	27	50	0.311046895947716	857	-1	0	0
20220522 134208	2	123	0.620536786163669	802	29004	0.9928	0.79944
20220522 134209	1	5	0.100152518833153	1000	90500	0.9512	0.347866666666667
20220522 134214	11	38	0.674421094897294	586	-1	0	0
20220522 134217	4	107	0.765461707460516	79	14203	8e-04	8e-04
20220522 134317	23	115	0.315037266187498	424	-1	0	0
20220522 134357	2	107	0.795386058859915	405	14972	0.9398	0.9398
20220522 134440	10	74	0.529527506915881	376	-1	0	0
20220522 134442	15	80	0.527800363467259	237	-1	0	0
20220522 134453	48	56	0.436043804034543	717	-1	0	0
20220522 134512	12	82	0.33944628511314	113	-1	0	0
20220522 134549	10	17	0.684246861134876	151	-1	0	0
20220522 134555	20	15	0.579530088350341	894	-1	0	0
20220522 134637	8	111	0.522455433420441	224	-1	0	0
20220522 134729	19	63	0.235610884616306	329	-1	0	0
20220522 134729	18	128	0.261213785888818	338	-1	0	0
20220522 134805	1	78	0.789560437119489	267	13407	0.936	0.936
20220522 134816	2	65	0.714980605775734	609	13257	0.8932	0.8932
20220522 134828	31	51	0.730722065426733	169	-1	0	0
20220522 134900	6	56	0.290725981008216	873	28037	0.9548	0.767886666666667
20220522 134942	14	29	0.197123040809425	993	16522	0.259	0.148853333333333
20220522 135016	50	5	0.713575877844949	407	-1	0	0
20220522 135017	1	34	0.795827322753012	385	11485	0.7808	0.7808
20220522 135020	1	83	0.815285476793162	327	14513	0.949	0.949
20220522 135120	15	40	0.348360214358318	953	-1	0	0
20220522 135144	8	146	0.100478408208003	174	88720	0.8426	0.251133333333333
20220522 135214	35	9	0.756843221899352	597	-1	0	0
20220522 135215	1	62	0.899962467069131	175	7950	0.7568	0.7568
20220522 135224	13	10	0.569276505237611	634	-1	0	0
20220522 135313	8	97	0.480586062233779	758	-1	0	0
20220522 135400	12	161	0.230165747937173	385	66360	0.9802	0.5378
20220522 135431	19	16	0.714472103124122	432	-1	0	0
20220522 135433	2	30	0.623828278363748	325	8690	0.756	0.756
20220522 135443	6	22	0.596517479439224	249	-1	0	0
20220522 135444	8	81	0.817140319194548	225	-1	0	0
20220522 135511	45	44	0.444920230897006	920	-1	0	0
20220522 135553	1	116	0.186206781211116	273	33713	0.952	0.727246666666667
20220522 135602	2	178	0.559920621883564	270	30762	0.9696	0.76452
20220522 135603	31	35	0.693537788946608	69	-1	0	0
20220522 135609	12	157	0.839099958120098	268	-1	0	0
20220522 135644	41	23	0.268600961985486	879	-1	0	0
20220522 135729	29	41	0.788593207507029	252	-1	0	0
20220522 135730	2	83	0.678476836446944	933	20286	0.9532	0.81796
20220522 135737	18	80	0.801998831965636	109	-1	0	0
20220522 135811	22	78	0.479199433377544	634	-1	0	0
20220522 135832	10	36	0.244517190608097	193	14177	0.7636	0.7636
20220522 135915	27	25	0.64327904417581	554	-1	0	0
20220522 135920	3	82	0.656909922461092	125	12472	0.8614	0.8614
20220522 135920	24	34	0.649485141739616	481	-1	0	0
20220522 135933	4	150	0.559420155366741	79	25966	0	-0.173106666666667
20220522 140056	16	41	0.151007678887806	366	25118	0.6538	0.486346666666667
20220522 140140	1	132	0.561157505410551	493	34892	0.9972	0.764586666666667
20220522 140201	3	157	0.805835616976842	301	19769	0.9296	0.797806666666667
20220522 140228	32	41	0.471300771092847	95	-1	0	0
20220522 140255	12	43	0.3156163861156	245	-1	0	0
20220522 140428	29	41	0.108906727664312	878	-1	0	0
20220522 140531	21	48	0.874684548092071	208	-1	0	0
20220522 140603	6	90	0.7235188862826	665	-1	0	0
20220522 140621	49	5	0.156076058183424	192	-1	0	0
20220522 140637	6	129	0.275392436509213	493	46505	0.9962	0.686166666666667
20220522 140721	11	113	0.130259108029561	607	77638	0.9992	0.481613333333333
20220522 140805	1	81	0.83052463203539	655	19235	0.9472	0.818966666666667
20220522 140826	2	92	0.734840328957969	541	15471	0.9536	0.85046
20220522 140838	7	68	0.7816973948619	715	-1	0	0
20220522 140846	16	121	0.796512413919263	175	-1	0	0
20220522 140953	33	21	0.184210991501782	814	-1	0	0
20220522 141047	25	41	0.88621726610874	323	-1	0	0
20220522 141056	11	60	0.888510232225183	414	-1	0	0
20220522 141101	2	92	0.677171449918322	341	15895	0.9572	0.851233333333333
20220522 141129	3	148	0.225328221703942	253	46313	0.9438	0.635046666666667
20220522 141148	5	103	0.406236937866286	802	28995	0.984	0.7907
20220522 141310	27	13	0.730426759305775	699	-1	0	0
20220522 141322	2	101	0.805764593369069	288	13272	0.9174	0.9174
20220522 141637	14	195	0.242280296484758	62	76892	0	-0.512613333333333
20220522 141645	31	78	0.197163283479857	88	-1	0	0
20220522 141702	39	42	0.145781420792393	99	-1	0	0
20220522 141901	5	167	0.839774198707434	68	-1	0	0
20220522 141912	3	137	0.408791212548544	403	35041	0.9948	0.761193333333333
20220522 141949	11	26	0.384959622415994	150	-1	0	0
20220522 142139	14	86	0.152058487584673	839	55732	0.9872	0.615653333333333
20220522 142143	16	32	0.134463743220935	259	21426	0.7422	0.59936
20220522 142319	39	62	0.873583872646058	269	-1	0	0
20220522 142324	2	158	0.680475724183046	489	25746	0.995	0.82336
20220522 142341	5	131	0.846428242120769	559	-1	0	0
20220522 142343	8	24	0.556904835501637	644	-1	0	0
20220522 142648	17	78	0.106881677417652	298	62260	0.982	0.566933333333333
20220522 142812	2	86	0.717528473447239	364	13920	0.9424	0.9424
20220522 142817	2	134	0.627309435286782	315	22768	0.9836	0.831813333333333
20220522 142821	2	112	0.416020457518614	437	32554	0.9934	0.776373333333333
20220522 142913	16	65	0.47358411905008	551	-1	0	0
20220522 142923	47	19	0.27209315779027	122	-1	0	0
20220522 143038	1	112	0.813985322993859	415	19085	0.977	0.849766666666667
20220522 143122	12	38	0.64656068012673	751	-1	0	0
20220522 143222	40	29	0.35586223197322	628	-1	0	0
20220522 143238	14	69	0.425212812763142	961	-1	0	0
20220522 143321	19	20	0.203653816411969	775	-1	0	0
20220522 143436	1	5	0.100103771616468	51	5090	0.3178	0.3178
20220522 143543	14	116	0.73340046794156	876	-1	0	0
20220522 143655	9	27	0.224168168268301	775	16568	0.7714	0.660946666666667
20220522 143733	15	133	0.304971188367628	870	-1	0	0
20220522 143758	24	66	0.229355499003349	619	-1	0	0
20220522 143944	1	85	0.729139611605929	540	23080	0.9816	0.827733333333333
20220522 143948	1	145	0.572428209625797	348	29464	0.9834	0.786973333333333
20220522 144002	2	105	0.806948297547249	371	14084	0.932	0.932
20220522 144029	6	119	0.76204814001477	936	-1	0	0
20220522 144046	4	76	0.402469137678912	965	28072	0.9756	0.788453333333333
20220522 144144	50	5	0.821652979602412	50	-1	0	0
20220522 144156	50	41	0.899849370577011	1000	-1	0	0
20220522 144159	1	135	0.735529440520428	436	25272	0.9958	0.82732
20220522 144211	2	100	0.561092791221338	670	27130	0.993	0.812133333333333
20220522 144229	14	144	0.667517065011605	149	-1	0	0
20220522 144319	1	89	0.793403316983182	196	13016	0.8982	0.8982
20220522 144321	1	108	0.808561440908072	364	17716	0.9728	0.854693333333333
20220522 144334	2	93	0.713547487902074	324	14913	0.9534	0.9534
20220522 144337	2	200	0.869891075072358	190	22980	0.874	0.7208
20220522 144351	3	148	0.64051876519843	353	23817	0.9836	0.82482
20220522 144455	1	75	0.805790679929674	214	11780	0.8944	0.8944
20220522 144456	1	70	0.805904951473494	440	15800	0.946	0.840666666666667
20220522 144509	2	84	0.714192672037848	440	14796	0.9396	0.9396
20220522 144512	50	52	0.792920631566525	844	-1	0	0
20220522 144522	5	101	0.779316087099469	101	-1	0	0
20220522 144639	32	75	0.812083624727881	1000	-1	0	0
20220522 144649	3	76	0.462593593269276	959	29252	0.983	0.787986666666667
20220522 144649	34	69	0.721683482648005	447	-1	0	0
20220522 144713	5	116	0.426082106828483	538	28748	0.9902	0.798546666666667
20220522 144839	44	48	0.151394492712947	703	-1	0	0
20220522 144944	1	66	0.864458879437646	789	17646	0.8788	0.76116
20220522 144945	1	64	0.79045090481133	447	15787	0.9208	0.815553333333333
20220522 145004	2	85	0.733482429721849	63	11236	0.0156	0.0156
20220522 145031	4	91	0.523380295116804	150	17312	0.9128	0.797386666666667
20220522 145039	12	103	0.613656871007586	377	-1	0	0
20220522 145207	1	93	0.738392719832238	484	21884	0.98	0.834106666666667
20220522 145210	1	5	0.260576661216361	588	44012	0.8396	0.546186666666667
20220522 145216	24	56	0.893854430891788	426	-1	0	0
20220522 145226	1	173	0.573016646117499	831	53033	1	0.646446666666667
20220522 145329	22	122	0.420165445715378	542	-1	0	0
20220522 145431	50	6	0.565569080025826	50	-1	0	0
20220522 145550	23	80	0.621954938936473	941	-1	0	0
20220522 145702	18	64	0.285886978860045	189	-1	0	0
20220522 145714	22	33	0.228499332574164	277	-1	0	0
20220522 145916	14	156	0.175008956228072	774	83430	0.9962	0.44
20220522 150206	49	10	0.583768650899757	123	-1	0	0
20220522 150208	2	45	0.725104305982692	127	6776	0.7052	0.7052
20220522 150225	31	6	0.400638564975937	779	-1	0	0
20220522 150359	39	48	0.324593336653946	677	-1	0	0
20220522 150501	27	96	0.204481822078167	711	-1	0	0
20220522 150721	12	94	0.745061496537922	253	-1	0	0
20220522 150728	3	36	0.15684690412594	768	54456	0.9902	0.62716
20220522 150731	33	8	0.268687450745421	746	-1	0	0
20220522 150749	39	33	0.434050682064365	357	-1	0	0
20220522 150822	38	73	0.354361747750278	101	-1	0	0
20220522 151055	3	119	0.682085195107769	418	18152	0.9574	0.836386666666667
20220522 151056	3	114	0.656989504334753	434	18380	0.967	0.844466666666667
20220522 151113	3	126	0.325580987790036	953	55302	0.9996	0.63092
20220522 151129	5	101	0.573400393537619	962	18334	0.8394	0.717173333333333
20220522 151256	12	160	0.101254340549396	477	122965	0.999	0.179233333333333
20220522 151437	2	148	0.692599442499989	608	25468	0.991	0.821213333333333
20220522 151447	21	75	0.775752726077793	500	-1	0	0
20220522 151450	9	87	0.788263635058883	230	-1	0	0
20220522 151502	10	35	0.581417104419178	601	-1	0	0
20220522 151746	44	39	0.107611250031912	844	-1	0	0
20220522 151905	2	82	0.729087128021842	286	12702	0.9202	0.9202
20220522 151912	20	58	0.799833023608585	926	-1	0	0
20220522 151916	24	81	0.833217460090182	242	-1	0	0
20220522 151925	13	172	0.841466846835125	483	-1	0	0
20220522 152121	13	198	0.100039662234346	1000	164758	1	-0.0983866666666666
20220522 152216	1	5	0.244297918354473	90	7250	0.5092	0.5092
20220522 152226	7	46	0.881154176710422	394	-1	0	0
20220522 152357	40	65	0.297068311479634	614	-1	0	0
20220522 152415	44	28	0.195116419649174	920	-1	0	0
20220522 152537	22	81	0.106864100169969	721	67352	0.786	0.336986666666667
20220522 152631	1	83	0.813109231162966	269	13411	0.9324	0.9324
20220522 152647	2	97	0.795336481482479	462	14047	0.9248	0.9248
20220522 152649	2	98	0.731556322523188	733	17577	0.9514	0.83422
20220522 152654	2	106	0.522115468758603	501	27211	0.9942	0.812793333333333
20220522 152738	44	47	0.367770027823226	906	-1	0	0
20220522 152839	1	124	0.439869934197549	701	51656	0.9996	0.655226666666667
20220522 152841	2	118	0.80696475086461	428	15872	0.947	0.841186666666667
20220522 152842	2	116	0.792386971629622	403	16051	0.9482	0.841193333333333
20220522 152911	5	187	0.720796018246182	936	-1	0	0
20220522 152933	7	34	0.216667555182179	942	28662	0.9198	0.72872
20220522 153041	7	136	0.885308010614968	508	-1	0	0
20220522 153052	3	195	0.592787438813067	316	33022	0.9902	0.770053333333333
20220522 153113	12	149	0.655985109636025	596	-1	0	0
20220522 153142	14	108	0.397369588339719	271	-1	0	0
20220522 153144	19	149	0.409616014289632	258	-1	0	0
20220522 153241	1	108	0.899946753380358	651	17310	0.9462	0.8308
20220522 153242	48	17	0.77615292288135	140	-1	0	0
20220522 153253	2	106	0.80810922581743	325	13914	0.928	0.928
20220522 153254	2	94	0.737350808697489	932	18462	0.9484	0.82532
20220522 153255	45	11	0.529995143216427	117	-1	0	0
20220522 153354	5	35	0.805640219245535	644	-1	0	0
20220522 153400	2	118	0.623726583897341	568	24236	0.9938	0.832226666666667
20220522 153406	2	95	0.153890543294613	356	42756	0.9816	0.69656
20220522 153417	2	115	0.119935059055149	954	95078	1	0.366146666666667
20220522 153445	7	19	0.100212289395976	441	29075	0.93	0.736166666666667
20220522 153522	1	75	0.805800872983444	290	13300	0.9352	0.9352
20220522 153535	2	106	0.810361857261088	640	15174	0.9274	0.82624
20220522 153548	37	37	0.645231064835468	320	-1	0	0
20220522 153618	49	55	0.466736753079947	110	-1	0	0
20220522 153632	9	78	0.38135290985345	367	20335	0.059	-0.0765666666666667
20220522 153735	1	8	0.73792399706557	993	26618	0.4876	0.310146666666667
20220522 153740	1	109	0.88118738238928	185	13120	0.9026	0.9026
20220522 153750	2	63	0.728141709452476	318	10545	0.8676	0.8676
20220522 153753	2	92	0.738689319372293	681	16359	0.9406	0.83154
20220522 153805	5	172	0.772858174422779	760	-1	0	0
20220522 153906	2	110	0.812171005705316	388	14642	0.9378	0.9378
20220522 153908	2	179	0.841962545892632	183	21313	0.9532	0.811113333333333
20220522 153918	3	69	0.407434431332725	176	17082	0.8892	0.77532
20220522 153920	3	150	0.580392184289016	403	27224	0.993	0.811506666666667
20220522 153937	5	173	0.480044010357269	342	35968	0.9944	0.754613333333333
20220522 154021	1	76	0.810066782003033	304	13376	0.9324	0.9324
20220522 154021	1	100	0.838017359731584	220	13740	0.9242	0.9242
20220522 154042	20	36	0.655083288780674	704	-1	0	0
20220522 154045	3	147	0.588700957685825	446	26348	0.9926	0.816946666666667
20220522 154107	39	30	0.363740732586308	58	-1	0	0
20220522 154201	41	72	0.899950995411664	50	-1	0	0
20220522 154208	2	126	0.64581382776984	727	26587	0.9922	0.814953333333333
20220522 154222	3	200	0.452198081885366	567	46072	0.999	0.691853333333333
20220522 154235	14	168	0.604616457492538	990	-1	0	0
20220522 154243	9	124	0.500198295379161	111	-1	0	0
20220522 154400	50	5	0.680238420802331	1000	-1	0	0
20220522 154407	1	171	0.842719387058338	490	24940	0.9944	0.828133333333333
20220522 154418	2	92	0.806003323537451	339	12396	0.9066	0.9066
20220522 154419	13	22	0.69050657690438	991	-1	0	0
20220522 154708	50	59	0.100306331597451	79	-1	0	0
20220522 154804	1	101	0.794086206585572	392	18332	0.9754	0.853186666666667
20220522 154819	2	120	0.682961105571488	811	23950	0.9816	0.821933333333333
20220522 154905	9	71	0.495692414148902	155	-1	0	0
20220522 154923	15	116	0.39043126532777	332	-1	0	0
20220522 155013	13	141	0.133905186499167	185	88133	0.9232	0.335646666666667
20220522 155107	1	172	0.899896862146299	271	19910	0.9732	0.840466666666667
20220522 155112	1	163	0.533218183029862	446	37262	0.9958	0.747386666666667
20220522 155117	22	53	0.857688181575933	690	-1	0	0
20220522 155153	31	38	0.453674215721715	405	-1	0	0
20220522 155200	12	47	0.4282673985499	788	-1	0	0
20220522 155316	1	76	0.810327861893499	328	13832	0.9386	0.9386
20220522 155316	1	118	0.892667438216964	384	16024	0.9578	0.850973333333333
20220522 155326	2	86	0.713639408872402	331	14073	0.9432	0.9432
20220522 155353	14	131	0.660688828498888	976	-1	0	0
20220522 155406	14	181	0.52272851210058	313	-1	0	0
20220522 155542	2	93	0.723475232495466	295	14264	0.952	0.952
20220522 155542	2	91	0.705908951127195	370	15160	0.9538	0.852733333333333
20220522 155543	2	119	0.737247346649467	480	18473	0.9736	0.850446666666667
20220522 155544	2	173	0.807175296457018	682	23488	0.9852	0.828613333333333
20220522 155546	2	94	0.52575485961905	569	26336	0.993	0.817426666666667
20220522 155645	1	112	0.795607433277034	592	23632	0.9866	0.829053333333333
20220522 155710	43	30	0.592718212529117	988	-1	0	0
20220522 155717	33	42	0.589198657781661	763	-1	0	0
20220522 155752	7	75	0.211803855006956	284	33687	0.9708	0.74622
20220522 155857	26	96	0.179595766044727	811	-1	0	0
20220522 155952	1	37	0.774555494550137	424	13452	0.8258	0.8258
20220522 155955	1	77	0.794557149196917	259	13139	0.9288	0.9288
20220522 160006	1	47	0.493880559707982	934	52334	0.9782	0.629306666666667
20220522 160010	2	92	0.729280797193503	410	14964	0.9454	0.9454
20220522 160013	2	102	0.628648105441466	605	22444	0.9828	0.833173333333333
20220522 160100	40	5	0.829447185489356	1000	-1	0	0
20220522 160112	1	114	0.721063867194788	625	28900	0.9942	0.801533333333333
20220522 160128	3	83	0.705375879643109	401	12740	0.884	0.884
20220522 160307	28	69	0.189309900897848	549	-1	0	0
20220522 160326	16	177	0.179532874864432	141	92286	0.1242	-0.49104
20220522 160449	2	94	0.718923856698147	162	13328	0.8908	0.8908
20220522 160450	2	91	0.736535317768155	523	15218	0.9468	0.845346666666667
20220522 160453	2	132	0.633942668246826	639	27030	0.9936	0.8134
20220522 160503	3	136	0.644763090054452	790	24214	0.9818	0.820373333333333
20220522 160632	49	29	0.148287645295595	628	-1	0	0
20220522 160809	1	117	0.708735741257081	566	28114	0.9954	0.807973333333333
20220522 160816	2	73	0.738710519798296	431	12215	0.907	0.907
20220522 160833	3	200	0.723361260776588	264	27728	0.982	0.797146666666667
20220522 160835	34	50	0.657683585976014	427	-1	0	0
20220522 160843	4	90	0.43027612550993	404	22670	0.9826	0.831466666666667
20220522 160949	1	128	0.897826657494308	209	15099	0.9356	0.83494
20220522 160956	1	136	0.577094308181763	692	42664	0.9996	0.715173333333333
20220522 160956	1	5	0.30561883819875	1000	69500	0.83	0.366666666666667
20220522 160958	2	44	0.675569997084166	864	15356	0.8268	0.724426666666667
20220522 160958	2	82	0.811400131086768	363	11210	0.867	0.867
20220522 161135	1	158	0.634646694276578	869	47953	0.9996	0.679913333333333
20220522 161138	2	91	0.731256917421124	522	15211	0.9446	0.843193333333333
20220522 161145	3	52	0.623349273946625	354	9674	0.82	0.82
20220522 161149	3	107	0.628444095406725	723	19772	0.966	0.834186666666667
20220522 161300	28	93	0.265445742419156	234	-1	0	0
20220522 161417	2	149	0.723498886648851	328	21696	0.9828	0.83816
20220522 161421	33	54	0.756899361527494	489	-1	0	0
20220522 161428	3	119	0.704012752184952	309	17468	0.9406	0.824146666666667
20220522 161453	38	41	0.486561913964729	497	-1	0	0
20220522 161521	13	13	0.171744600186981	767	10218	0.2292	0.2292
20220522 161635	1	48	0.838439930441974	705	16080	0.8154	0.7082
20220522 161647	2	76	0.722492925209725	406	12976	0.9182	0.9182
20220522 161648	2	93	0.721657634091919	428	15328	0.955	0.852813333333333
20220522 161648	2	94	0.721973933973156	448	15616	0.9588	0.854693333333333
20220522 161806	18	67	0.239220500789272	714	-1	0	0
20220522 161920	2	93	0.66325888355767	731	21234	0.9762	0.83464
20220522 161945	10	32	0.543648861095378	735	-1	0	0
20220522 162008	6	44	0.316364532539021	232	14320	0.8834	0.8834
20220522 162008	6	82	0.472468482536716	131	17318	0.8746	0.759146666666667
20220522 162045	11	37	0.193472761649809	90	17444	0.755	0.638706666666667
20220522 162211	15	70	0.834300101518077	323	-1	0	0
20220522 162223	50	5	0.312907068737554	988	-1	0	0
20220522 162224	35	46	0.662285496377801	748	-1	0	0
20220522 162227	3	48	0.313288407013865	743	34096	0.9786	0.751293333333333
20220522 162231	33	87	0.685827694396239	115	-1	0	0
20220522 162339	31	17	0.789266223944392	435	-1	0	0
20220522 162351	2	93	0.729994096129284	355	14651	0.9496	0.9496
20220522 162402	30	94	0.80703896031087	390	-1	0	0
20220522 162423	4	190	0.521920786551533	279	35975	0.9898	0.749966666666667
20220522 162431	5	74	0.315843128077714	340	24444	0.976	0.81304
20220522 162550	1	54	0.807010336343475	319	11780	0.8828	0.8828
20220522 162552	1	102	0.89932003705393	399	14190	0.9326	0.9326
20220522 162615	18	104	0.800728457448147	470	-1	0	0
20220522 162637	5	36	0.189141234745064	196	18904	0.8862	0.760173333333333
20220522 162637	5	37	0.188441630602856	203	19482	0.9018	0.77192
20220522 162752	48	36	0.869739552588204	911	-1	0	0
20220522 162804	2	109	0.680377583961981	536	19748	0.9808	0.849146666666667
20220522 162807	13	76	0.874135050112403	249	-1	0	0
20220522 162813	39	67	0.76427690941561	266	-1	0	0
20220522 162855	43	6	0.138299046944967	916	-1	0	0
20220522 162959	1	92	0.834338030999554	463	17071	0.9572	0.843393333333333
20220522 163014	2	134	0.835154737287617	433	16977	0.949	0.83582
20220522 163016	2	95	0.674699757738202	630	19565	0.97	0.839566666666667
20220522 163027	3	87	0.712057958617158	828	14490	0.89	0.89
20220522 163109	36	28	0.329585748593192	97	-1	0	0
20220522 163230	1	169	0.740985228180884	303	24778	0.9782	0.813013333333333
20220522 163257	3	50	0.639085553973201	474	9820	0.7846	0.7846
20220522 163332	46	32	0.446477141727518	688	-1	0	0
20220522 163332	42	30	0.432207768735615	398	-1	0	0
20220522 163348	6	80	0.12030755382692	50	37690	0.0378	-0.213466666666667
20220522 163510	2	200	0.895034476009936	657	23514	0.9558	0.79904
20220522 163522	3	79	0.65230184286879	461	13457	0.9138	0.9138
20220522 163523	3	113	0.717951887502328	362	16092	0.9218	0.81452
20220522 163600	6	74	0.315588063767798	631	26399	0.9728	0.796806666666667
20220522 163610	47	46	0.363653950294298	219	-1	0	0
20220522 163814	2	73	0.623159765453747	323	14596	0.9472	0.9472
20220522 163822	2	162	0.519781126657867	664	39248	0.9994	0.737746666666667
20220522 163828	3	38	0.286969694998883	91	11583	0.6472	0.6472
20220522 163851	5	36	0.287006750124368	98	11880	0.7184	0.7184
20220522 163933	8	200	0.227702045603157	1000	86200	1	0.425333333333333
20220522 164036	1	41	0.819440643115061	329	10022	0.7968	0.7968
20220522 164101	2	90	0.712210647440299	283	14157	0.9372	0.9372
20220522 164103	2	114	0.724023812757295	308	17056	0.9668	0.853093333333333
20220522 164106	2	99	0.621496673414173	391	19527	0.9782	0.84802
20220522 164132	15	84	0.709369780316044	768	-1	0	0
20220522 164321	1	109	0.896951086178665	274	13914	0.9364	0.9364
20220522 164322	1	122	0.839113863225915	127	14232	0.8166	0.8166
20220522 164336	2	84	0.718063978015265	835	17432	0.9402	0.823986666666667
20220522 164348	3	91	0.694733447437839	723	15000	0.9136	0.9136
20220522 164352	3	116	0.53245249444766	190	21504	0.9364	0.79304
20220522 164545	2	200	0.838255888826057	624	25272	0.9882	0.81972
20220522 164546	2	197	0.769551505829813	386	26547	0.9934	0.81642
20220522 164559	3	88	0.648411683578144	662	15584	0.934	0.830106666666667
20220522 164600	3	95	0.652675004124991	692	16733	0.9422	0.830646666666667
20220522 164652	30	73	0.465692496748092	618	-1	0	0
20220522 164846	2	135	0.587355975290839	325	24560	0.9814	0.817666666666667
20220522 164859	3	66	0.567950594170802	582	15348	0.9278	0.82548
20220522 164900	5	120	0.808148110775243	779	-1	0	0
20220522 164900	3	93	0.625808683497402	215	15211	0.9354	0.833993333333333
20220522 164943	6	65	0.239671753934618	273	27027	0.961	0.78082
20220522 165119	1	135	0.698158274838611	821	38130	0.9984	0.7442
20220522 165120	8	34	0.832039890793122	813	-1	0	0
20220522 165125	2	37	0.560021690307825	432	13536	0.8766	0.8766
20220522 165127	2	85	0.715388762853107	441	14493	0.9438	0.9438
20220522 165133	2	125	0.523564974813691	224	23652	0.9384	0.78072
20220522 165313	1	70	0.740262213180625	543	21118	0.9614	0.820613333333333
20220522 165324	2	84	0.723212730537875	295	13112	0.9276	0.9276
20220522 165327	2	102	0.622772283987155	289	18122	0.969	0.848186666666667
20220522 165328	2	163	0.711664820302687	241	23196	0.9674	0.81276
20220522 165338	3	84	0.629181351703983	384	14604	0.9302	0.9302
20220522 165523	2	47	0.723663167383298	357	8872	0.7886	0.7886
20220522 165530	2	161	0.838675497920459	522	20242	0.9734	0.838453333333333
20220522 165535	50	39	0.737736679455101	1000	-1	0	0
20220522 165608	2	200	0.100165832273449	762	99722	1	0.335186666666667
20220522 165642	4	200	0.100520197237592	782	118648	0.9998	0.208813333333333
20220522 165847	1	78	0.805740377728527	317	14140	0.9378	0.9378
20220522 165850	1	71	0.559371108108105	315	20960	0.9702	0.830466666666667
20220522 165900	2	92	0.716389267882156	323	14452	0.941	0.941
20220522 165914	3	81	0.631173041979303	318	13821	0.9232	0.9232
20220522 165925	50	54	0.629208388594443	641	-1	0	0
20220522 170248	2	84	0.806185985445227	295	11260	0.8718	0.8718
20220522 170302	2	160	0.797080080743837	272	20720	0.9738	0.835666666666667
20220522 170302	2	134	0.720579113050831	440	20672	0.984	0.846186666666667
20220522 170319	3	105	0.573955191492087	494	20857	0.979	0.839953333333333
20220522 170320	3	107	0.567687043595152	547	21710	0.9798	0.835066666666667
20220522 170454	1	57	0.814940151367948	436	13984	0.8952	0.8952
20220522 170510	2	106	0.643357552353731	360	19096	0.9806	0.853293333333333
20220522 170548	5	56	0.313952542551311	233	18158	0.9342	0.813146666666667
20220522 170552	5	126	0.389334705087198	902	36574	0.9936	0.749773333333333
20220522 170604	6	200	0.392600885987133	482	50610	0.9978	0.6604
20220522 170749	2	89	0.814431204997004	302	11799	0.875	0.875
20220522 170751	1	200	0.148096774743191	389	53065	0.9878	0.634033333333333
20220522 170804	3	105	0.710685851677427	655	16455	0.932	0.8223
20220522 170804	3	105	0.710392495859992	582	16236	0.9336	0.82536
20220522 170809	3	192	0.664455109751123	287	29180	0.987	0.792466666666667
20220522 171000	1	104	0.805202602912552	597	22340	0.9836	0.834666666666667
20220522 171005	1	40	0.100145699347371	361	36490	0.9862	0.742933333333333
20220522 171009	2	71	0.729788627351623	363	11921	0.9094	0.9094
20220522 171011	2	57	0.562477588295423	350	14858	0.9408	0.9408
20220522 171012	2	198	0.879066659212526	467	23110	0.9722	0.818133333333333
20220522 171216	50	9	0.899740718799447	318	-1	0	0
20220522 171225	1	104	0.890039816304583	194	12534	0.899	0.899
20220522 171228	1	146	0.80242012656389	453	23660	0.9924	0.834666666666667
20220522 171239	2	97	0.725955432547325	357	15272	0.9568	0.854986666666667
20220522 171317	11	54	0.503494188023636	507	-1	0	0
20220522 171507	28	5	0.899983843144657	1000	-1	0	0
20220522 171517	1	93	0.766428332670991	185	13740	0.8894	0.8894
20220522 171530	2	86	0.563742851756598	445	20839	0.9814	0.842473333333333
20220522 171539	3	79	0.628478068088481	354	13699	0.922	0.922
20220522 171544	3	106	0.402138741473821	168	24304	0.8818	0.719773333333333
20220522 171741	1	5	0.344283475919839	172	11680	0.684	0.684
20220522 171743	1	5	0.340356951014103	287	19442	0.7866	0.656986666666667
20220522 171744	1	82	0.814924645384455	292	13748	0.9456	0.9456
20220522 171746	1	133	0.742837515128306	364	22764	0.985	0.83324
20220522 171753	2	65	0.719813491439681	386	11408	0.8884	0.8884
20220522 171941	1	110	0.806152680084882	486	20720	0.9858	0.847666666666667
20220522 171941	1	177	0.88952126249348	310	21110	0.982	0.841266666666667
20220522 171954	2	130	0.715568697517602	236	18658	0.9584	0.834013333333333
20220522 171955	2	156	0.800870898298272	637	21268	0.9758	0.834013333333333
20220522 172032	5	200	0.438134722110762	997	47585	0.999	0.681766666666667
20220522 172229	1	77	0.769359885042296	373	16279	0.9576	0.849073333333333
20220522 172230	1	91	0.767962002809651	456	19588	0.9744	0.843813333333333
20220522 172231	1	148	0.899914250854501	968	24480	0.9824	0.8192
20220522 172232	1	171	0.897723819634293	823	26153	0.9932	0.818846666666667
20220522 172255	3	102	0.594943378702146	936	22668	0.971	0.81988
20220522 172435	1	185	0.895197669483531	448	23428	0.9912	0.835013333333333
20220522 172458	1	172	0.146510184034234	1000	102200	1	0.318666666666667
20220522 172504	3	133	0.591548761644715	829	26817	0.9886	0.80982
20220522 172515	26	81	0.663510239570152	801	-1	0	0
20220522 172604	9	146	0.248680591830044	137	54541	0.898	0.534393333333333
20220522 172753	1	93	0.815078269385409	286	14734	0.9462	0.9462
20220522 172754	1	165	0.88055055217602	206	18972	0.9404	0.81392
20220522 172755	1	43	0.472307853985725	328	21684	0.9574	0.81284
20220522 172851	6	140	0.198201286335898	553	66038	0.9988	0.558546666666667
20220522 172903	43	5	0.100036637570526	52	-1	0	0
20220522 173123	2	111	0.809166116491201	399	14805	0.9314	0.9314
20220522 173125	2	73	0.624146449595546	365	15184	0.9476	0.846373333333333
20220522 173125	47	5	0.392519023764624	113	-1	0	0
20220522 173137	14	102	0.845515965243775	132	-1	0	0
20220522 173257	50	53	0.218027257760077	52	-1	0	0
20220522 173524	1	91	0.794007256849366	282	15022	0.947	0.846853333333333
20220522 173537	2	71	0.621237818007304	355	15123	0.944	0.84318
20220522 173546	2	198	0.50093183895974	481	41725	0.998	0.719833333333333
20220522 173549	3	87	0.656458168367312	275	13889	0.9192	0.9192
20220522 173600	4	75	0.62273843427589	244	12263	0.8572	0.8572
20220522 173818	1	52	0.777944978657112	217	9974	0.8468	0.8468
20220522 173823	1	191	0.354005591073763	51	22364	0	-0.149093333333333
20220522 173833	2	102	0.778688871972452	961	17249	0.9338	0.818806666666667
20220522 173835	2	146	0.776023437827749	415	20033	0.981	0.847446666666667
20220522 173846	3	74	0.62281313999827	382	13158	0.9142	0.9142
20220522 174049	1	81	0.79587607904697	182	11922	0.8822	0.8822
20220522 174050	50	5	0.531211816098287	1000	-1	0	0
20220522 174051	1	114	0.789861782772459	288	17448	0.9706	0.85428
20220522 174051	1	88	0.775657275387634	466	19518	0.9722	0.84208
20220522 174105	2	175	0.738045419749213	572	26054	0.9928	0.819106666666667
20220522 174253	1	148	0.784810057111136	533	26526	0.9954	0.81856
20220522 174254	1	134	0.778586405888275	758	30076	0.9938	0.793293333333333
20220522 174303	13	54	0.830759857379191	936	-1	0	0
20220522 174305	2	138	0.68503695558634	447	22686	0.9922	0.84096
20220522 174320	19	54	0.646637865066332	208	-1	0	0
20220522 174515	1	97	0.897386816492001	226	12186	0.9064	0.9064
20220522 174517	1	157	0.893914845239313	91	16701	0	-0.11134
20220522 174517	1	119	0.838265920024227	336	17612	0.9758	0.858386666666667
20220522 174528	2	47	0.534809587349774	326	14081	0.9226	0.9226
20220522 174534	1	115	0.22916881142026	982	87114	1	0.41924
20220522 174714	26	5	0.764062065522326	82	-1	0	0
20220522 174719	1	72	0.891145169668565	462	12282	0.8728	0.8728
20220522 174734	2	153	0.784008858018626	920	23266	0.9802	0.825093333333333
20220522 174827	11	5	0.100089352964552	214	8241	0.3882	0.3882
20220522 175026	36	72	0.101540287431158	1000	-1	0	0
20220522 175314	1	5	0.777190968154538	837	19751	0.251	0.119326666666667
20220522 175325	1	128	0.795053334229244	217	17357	0.9342	0.818486666666667
20220522 175326	1	40	0.327149371229338	184	16328	0.8468	0.737946666666667
20220522 175339	2	167	0.787751545579435	399	22369	0.9856	0.836473333333333
20220522 175411	14	44	0.480707855104528	940	-1	0	0
20220522 175558	1	83	0.88371475989658	926	19412	0.9124	0.782986666666667
20220522 175601	1	188	0.898323365923136	466	23926	0.9936	0.834093333333333
20220522 175607	2	50	0.707837032539341	345	9555	0.8194	0.8194
20220522 175612	2	83	0.537100763688114	296	18334	0.9696	0.847373333333333
20220522 175621	3	59	0.563486612830765	545	13977	0.9058	0.9058
20220522 175846	2	78	0.622011856782661	143	12766	0.848	0.848
20220522 175846	2	85	0.634683688896599	220	14725	0.9324	0.9324
20220522 175900	3	66	0.561035829151187	294	13110	0.927	0.927
20220522 175934	4	200	0.271750832834438	1000	79800	1	0.468
20220522 175950	6	200	0.291105603546994	998	72774	0.9998	0.51464
20220522 180145	1	105	0.890855882195662	749	18739	0.95	0.825073333333333
20220522 180155	2	52	0.572152840699513	137	9902	0.8062	0.8062
20220522 180156	50	57	0.864379564776363	84	-1	0	0
20220522 180157	2	147	0.796595468566902	470	20137	0.9772	0.842953333333333
20220522 180205	3	69	0.624753143805725	309	12033	0.8932	0.8932
